               Entry              Nevents                           Time                    Temperature                         Energy                CH3*                   H*                   O*                  CO*                 CO2*                 H2O*                 CH2*                  CH*                   C*                 CHO*                  OH*                COOH*                  CH4                   O2                   CO                   H2                  CO2                  H2O
                   1                    0         0.0000000000000000E+00         1.0000000000000000E+03         0.0000000000000000E+00                   0                    0                    0                    0                    0                    0                    0                    0                    0                    0                    0                    0                    0                    0                    0                    0                    0                    0
                   2                 8000         1.3287312860671064E-05         1.0000000000000000E+03        -2.6388000000000030E+01                   0                    0                   20                    0                    0                    0                    0                    0                    0                    0                    0                    0                    0                  -10                    0                    0                    0                    0
                   3                16000         1.9916512846159305E-05         1.0000000000000000E+03        -4.1904000000000018E+01                   0                    0                   32                    0                    0                    0                    0                    0                    0                    0                    0                    0                    0                  -16                    0                    0                    0                    0
                   4                24000         2.5215896717597391E-05         1.0000000000000000E+03        -4.6977000000000011E+01                   0                    0                   36                    0                    0                    0                    0                    0                    0                    0                    0                    0                    0                  -18                    0                    0                    0                    0
                   5                32000         3.0246471022883652E-05         1.0000000000000000E+03        -4.9629000000000012E+01                   0                    0                   38                    0                    0                    0                    0                    0                    0                    0                    0                    0                    0                  -19                    0                    0                    0                    0
                   6                40000         3.5181594377675205E-05         1.0000000000000000E+03        -4.9662000000000013E+01                   0                    0                   38                    0                    0                    0                    0                    0                    0                    0                    0                    0                    0                  -19                    0                    0                    0                    0
                   7                48000         3.9947204930132707E-05         1.0000000000000000E+03        -5.2248000000000012E+01                   0                    0                   40                    0                    0                    0                    0                    0                    0                    0                    0                    0                    0                  -20                    0                    0                    0                    0
                   8                56000         4.4695496255944559E-05         1.0000000000000000E+03        -5.2083000000000006E+01                   0                    0                   40                    0                    0                    0                    0                    0                    0                    0                    0                    0                    0                  -20                    0                    0                    0                    0
                   9                64000         4.9463466928276375E-05         1.0000000000000000E+03        -5.4735000000000007E+01                   0                    0                   42                    0                    0                    0                    0                    0                    0                    0                    0                    0                    0                  -21                    0                    0                    0                    0
                  10                72000         5.4074640695203188E-05         1.0000000000000000E+03        -6.2493000000000002E+01                   0                    0                   48                    0                    0                    0                    0                    0                    0                    0                    0                    0                    0                  -24                    0                    0                    0                    0
                  11                80000         5.8616573871993202E-05         1.0000000000000000E+03        -6.4848000000156503E+01                   0                    0                   50                    0                    0                    0                    0                    0                    0                    0                    0                    0                    0                  -25                    0                    0                    0                    0
                  12                88000         6.3259852212413565E-05         1.0000000000000000E+03        -6.7335000000283983E+01                   0                    0                   52                    0                    0                    0                    0                    0                    0                    0                    0                    0                    0                  -26                    0                    0                    0                    0
                  13                96000         6.7851294884221152E-05         1.0000000000000000E+03        -7.2474000000284022E+01                   0                    0                   56                    0                    0                    0                    0                    0                    0                    0                    0                    0                    0                  -28                    0                    0                    0                    0
                  14               104000         7.2552929729021411E-05         1.0000000000000000E+03        -7.2408000000284048E+01                   0                    0                   56                    0                    0                    0                    0                    0                    0                    0                    0                    0                    0                  -28                    0                    0                    0                    0
                  15               112000         7.7186137795238981E-05         1.0000000000000000E+03        -7.2177000000284139E+01                   0                    0                   56                    0                    0                    0                    0                    0                    0                    0                    0                    0                    0                  -28                    0                    0                    0                    0
                  16               120000         8.1876508152326736E-05         1.0000000000000000E+03        -7.4829000000284125E+01                   0                    0                   58                    0                    0                    0                    0                    0                    0                    0                    0                    0                    0                  -29                    0                    0                    0                    0
                  17               128000         8.6624209759747972E-05         1.0000000000000000E+03        -7.7283000000284190E+01                   0                    0                   60                    0                    0                    0                    0                    0                    0                    0                    0                    0                    0                  -30                    0                    0                    0                    0
                  18               136000         9.1421590777449670E-05         1.0000000000000000E+03        -7.7547000000284086E+01                   0                    0                   60                    0                    0                    0                    0                    0                    0                    0                    0                    0                    0                  -30                    0                    0                    0                    0
                  19               144000         9.6199708486794573E-05         1.0000000000000000E+03        -7.7547000000284086E+01                   0                    0                   60                    0                    0                    0                    0                    0                    0                    0                    0                    0                    0                  -30                    0                    0                    0                    0
                  20               152000         1.0101069684456695E-04         1.0000000000000000E+03        -7.7349000000284164E+01                   0                    0                   60                    0                    0                    0                    0                    0                    0                    0                    0                    0                    0                  -30                    0                    0                    0                    0
                  21               160000         1.0574136051818956E-04         1.0000000000000000E+03        -7.7349000000284164E+01                   0                    0                   60                    0                    0                    0                    0                    0                    0                    0                    0                    0                    0                  -30                    0                    0                    0                    0
                  22               168000         1.1053253935271129E-04         1.0000000000000000E+03        -7.7217000000284216E+01                   0                    0                   60                    0                    0                    0                    0                    0                    0                    0                    0                    0                    0                  -30                    0                    0                    0                    0
                  23               176000         1.1527437112644854E-04         1.0000000000000000E+03        -7.7250000000284203E+01                   0                    0                   60                    0                    0                    0                    0                    0                    0                    0                    0                    0                    0                  -30                    0                    0                    0                    0
                  24               184000         1.2018505226078134E-04         1.0000000000000000E+03        -7.9803000000284229E+01                   0                    0                   62                    0                    0                    0                    0                    0                    0                    0                    0                    0                    0                  -31                    0                    0                    0                    0
                  25               192000         1.2517083169643492E-04         1.0000000000000000E+03        -7.9737000000284254E+01                   0                    0                   62                    0                    0                    0                    0                    0                    0                    0                    0                    0                    0                  -31                    0                    0                    0                    0
                  26               200000         1.3019731589348167E-04         1.0000000000000000E+03        -8.2224000000284306E+01                   0                    0                   64                    0                    0                    0                    0                    0                    0                    0                    0                    0                    0                  -32                    0                    0                    0                    0
                  27               208000         1.3519522981392511E-04         1.0000000000000000E+03        -8.2290000000284280E+01                   0                    0                   64                    0                    0                    0                    0                    0                    0                    0                    0                    0                    0                  -32                    0                    0                    0                    0
                  28               216000         1.4025832808950320E-04         1.0000000000000000E+03        -8.7297000000284370E+01                   0                    0                   68                    0                    0                    0                    0                    0                    0                    0                    0                    0                    0                  -34                    0                    0                    0                    0
                  29               224000         1.4580213780620324E-04         1.0000000000000000E+03        -8.9685000000284461E+01                   0                    0                   70                    0                    0                    0                    0                    0                    0                    0                    0                    0                    0                  -35                    0                    0                    0                    0
                  30               232000         1.5150938665820955E-04         1.0000000000000000E+03        -9.2172000000284513E+01                   0                    0                   72                    0                    0                    0                    0                    0                    0                    0                    0                    0                    0                  -36                    0                    0                    0                    0
                  31               240000         1.5737481351323226E-04         1.0000000000000000E+03        -9.2172000000284513E+01                   0                    0                   72                    0                    0                    0                    0                    0                    0                    0                    0                    0                    0                  -36                    0                    0                    0                    0
                  32               248000         1.6323044208281984E-04         1.0000000000000000E+03        -9.2106000000284538E+01                   0                    0                   72                    0                    0                    0                    0                    0                    0                    0                    0                    0                    0                  -36                    0                    0                    0                    0
                  33               256000         1.6900894414627725E-04         1.0000000000000000E+03        -9.2106000000284538E+01                   0                    0                   72                    0                    0                    0                    0                    0                    0                    0                    0                    0                    0                  -36                    0                    0                    0                    0
                  34               264000         1.7495602472543449E-04         1.0000000000000000E+03        -9.4791000000284512E+01                   0                    0                   74                    0                    0                    0                    0                    0                    0                    0                    0                    0                    0                  -37                    0                    0                    0                    0
                  35               272000         1.8113943815292998E-04         1.0000000000000000E+03        -9.4626000000284577E+01                   0                    0                   74                    0                    0                    0                    0                    0                    0                    0                    0                    0                    0                  -37                    0                    0                    0                    0
                  36               280000         1.8718866208272087E-04         1.0000000000000000E+03        -9.4494000000284629E+01                   0                    0                   74                    0                    0                    0                    0                    0                    0                    0                    0                    0                    0                  -37                    0                    0                    0                    0
                  37               288000         1.9330586110531339E-04         1.0000000000000000E+03        -9.4626000000284577E+01                   0                    0                   74                    0                    0                    0                    0                    0                    0                    0                    0                    0                    0                  -37                    0                    0                    0                    0
                  38               296000         1.9939087976386232E-04         1.0000000000000000E+03        -9.4527000000284616E+01                   0                    0                   74                    0                    0                    0                    0                    0                    0                    0                    0                    0                    0                  -37                    0                    0                    0                    0
                  39               304000         2.0548112255893192E-04         1.0000000000000000E+03        -9.4725000000284538E+01                   0                    0                   74                    0                    0                    0                    0                    0                    0                    0                    0                    0                    0                  -37                    0                    0                    0                    0
                  40               312000         2.1163965750041187E-04         1.0000000000000000E+03        -9.4494000000284629E+01                   0                    0                   74                    0                    0                    0                    0                    0                    0                    0                    0                    0                    0                  -37                    0                    0                    0                    0
                  41               320000         2.1796828870293268E-04         1.0000000000000000E+03        -9.6948000000284694E+01                   0                    0                   76                    0                    0                    0                    0                    0                    0                    0                    0                    0                    0                  -38                    0                    0                    0                    0
                  42               328000         2.2433928788999631E-04         1.0000000000000000E+03        -9.7047000000284655E+01                   0                    0                   76                    0                    0                    0                    0                    0                    0                    0                    0                    0                    0                  -38                    0                    0                    0                    0
                  43               336000         2.3092274109121606E-04         1.0000000000000000E+03        -9.9435000000284745E+01                   0                    0                   78                    0                    0                    0                    0                    0                    0                    0                    0                    0                    0                  -39                    0                    0                    0                    0
                  44               344000         2.3783646990531209E-04         1.0000000000000000E+03        -9.9501000000284719E+01                   0                    0                   78                    0                    0                    0                    0                    0                    0                    0                    0                    0                    0                  -39                    0                    0                    0                    0
                  45               352000         2.4465391398974029E-04         1.0000000000000000E+03        -9.9600000000284680E+01                   0                    0                   78                    0                    0                    0                    0                    0                    0                    0                    0                    0                    0                  -39                    0                    0                    0                    0
                  46               360000         2.5168457827982822E-04         1.0000000000000000E+03        -1.0198800000028477E+02                   0                    0                   80                    0                    0                    0                    0                    0                    0                    0                    0                    0                    0                  -40                    0                    0                    0                    0
                  47               368000         2.5908358724879241E-04         1.0000000000000000E+03        -1.0188900000028481E+02                   0                    0                   80                    0                    0                    0                    0                    0                    0                    0                    0                    0                    0                  -40                    0                    0                    0                    0
                  48               376000         2.6705649057823662E-04         1.0000000000000000E+03        -1.0434300000028487E+02                   0                    0                   82                    0                    0                    0                    0                    0                    0                    0                    0                    0                    0                  -41                    0                    0                    0                    0
                  49               384000         2.7516684797761524E-04         1.0000000000000000E+03        -1.0683000000028493E+02                   0                    0                   84                    0                    0                    0                    0                    0                    0                    0                    0                    0                    0                  -42                    0                    0                    0                    0
                  50               392000         2.8400104901712107E-04         1.0000000000000000E+03        -1.0679700000028494E+02                   0                    0                   84                    0                    0                    0                    0                    0                    0                    0                    0                    0                    0                  -42                    0                    0                    0                    0
                  51               400000         2.9328048951642689E-04         1.0000000000000000E+03        -1.0925100000028500E+02                   0                    0                   86                    0                    0                    0                    0                    0                    0                    0                    0                    0                    0                  -43                    0                    0                    0                    0
                  52               408000         3.0605509962990519E-04         1.0000000000000000E+03        -1.1406000000028517E+02                   0                    0                   90                    0                    0                    0                    0                    0                    0                    0                    0                    0                    0                  -45                    0                    0                    0                    0
                  53               416000         3.1967995891370746E-04         1.0000000000000000E+03        -1.1396100000028521E+02                   0                    0                   90                    0                    0                    0                    0                    0                    0                    0                    0                    0                    0                  -45                    0                    0                    0                    0
                  54               424000         3.3296845710522932E-04         1.0000000000000000E+03        -1.1402700000028518E+02                   0                    0                   90                    0                    0                    0                    0                    0                    0                    0                    0                    0                    0                  -45                    0                    0                    0                    0
                  55               432000         3.4630812776005772E-04         1.0000000000000000E+03        -1.1402700000028518E+02                   0                    0                   90                    0                    0                    0                    0                    0                    0                    0                    0                    0                    0                  -45                    0                    0                    0                    0
                  56               440000         3.5952572010023885E-04         1.0000000000000000E+03        -1.1406000000028517E+02                   0                    0                   90                    0                    0                    0                    0                    0                    0                    0                    0                    0                    0                  -45                    0                    0                    0                    0
                  57               448000         3.7308016404572679E-04         1.0000000000000000E+03        -1.1399400000028520E+02                   0                    0                   90                    0                    0                    0                    0                    0                    0                    0                    0                    0                    0                  -45                    0                    0                    0                    0
                  58               456000         3.8635154804584162E-04         1.0000000000000000E+03        -1.1406000000028517E+02                   0                    0                   90                    0                    0                    0                    0                    0                    0                    0                    0                    0                    0                  -45                    0                    0                    0                    0
                  59               464000         3.9965024961888810E-04         1.0000000000000000E+03        -1.1402700000028518E+02                   0                    0                   90                    0                    0                    0                    0                    0                    0                    0                    0                    0                    0                  -45                    0                    0                    0                    0
                  60               472000         4.1299938586865977E-04         1.0000000000000000E+03        -1.1396100000028521E+02                   0                    0                   90                    0                    0                    0                    0                    0                    0                    0                    0                    0                    0                  -45                    0                    0                    0                    0
                  61               480000         4.2642294005762563E-04         1.0000000000000000E+03        -1.1396100000028521E+02                   0                    0                   90                    0                    0                    0                    0                    0                    0                    0                    0                    0                    0                  -45                    0                    0                    0                    0
                  62               488000         4.3993495829828074E-04         1.0000000000000000E+03        -1.1406000000028517E+02                   0                    0                   90                    0                    0                    0                    0                    0                    0                    0                    0                    0                    0                  -45                    0                    0                    0                    0
                  63               496000         4.5335856281308342E-04         1.0000000000000000E+03        -1.1406000000028517E+02                   0                    0                   90                    0                    0                    0                    0                    0                    0                    0                    0                    0                    0                  -45                    0                    0                    0                    0
                  64               504000         4.6677908859993583E-04         1.0000000000000000E+03        -1.1402700000028518E+02                   0                    0                   90                    0                    0                    0                    0                    0                    0                    0                    0                    0                    0                  -45                    0                    0                    0                    0
                  65               512000         4.8033783279461084E-04         1.0000000000000000E+03        -1.1399400000028520E+02                   0                    0                   90                    0                    0                    0                    0                    0                    0                    0                    0                    0                    0                  -45                    0                    0                    0                    0
                  66               520000         4.9368738784663049E-04         1.0000000000000000E+03        -1.1399400000028520E+02                   0                    0                   90                    0                    0                    0                    0                    0                    0                    0                    0                    0                    0                  -45                    0                    0                    0                    0
                  67               528000         5.0690071218587116E-04         1.0000000000000000E+03        -1.1406000000028517E+02                   0                    0                   90                    0                    0                    0                    0                    0                    0                    0                    0                    0                    0                  -45                    0                    0                    0                    0
                  68               536000         5.2045536855124645E-04         1.0000000000000000E+03        -1.1396100000028521E+02                   0                    0                   90                    0                    0                    0                    0                    0                    0                    0                    0                    0                    0                  -45                    0                    0                    0                    0
                  69               544000         5.3380383566687208E-04         1.0000000000000000E+03        -1.1402700000028518E+02                   0                    0                   90                    0                    0                    0                    0                    0                    0                    0                    0                    0                    0                  -45                    0                    0                    0                    0
                  70               552000         5.4718221109951407E-04         1.0000000000000000E+03        -1.1399400000028520E+02                   0                    0                   90                    0                    0                    0                    0                    0                    0                    0                    0                    0                    0                  -45                    0                    0                    0                    0
                  71               560000         5.6033447855154941E-04         1.0000000000000000E+03        -1.1406000000028517E+02                   0                    0                   90                    0                    0                    0                    0                    0                    0                    0                    0                    0                    0                  -45                    0                    0                    0                    0
                  72               568000         5.7354784359355860E-04         1.0000000000000000E+03        -1.1402700000028518E+02                   0                    0                   90                    0                    0                    0                    0                    0                    0                    0                    0                    0                    0                  -45                    0                    0                    0                    0
                  73               576000         5.8684536090939569E-04         1.0000000000000000E+03        -1.1399400000028520E+02                   0                    0                   90                    0                    0                    0                    0                    0                    0                    0                    0                    0                    0                  -45                    0                    0                    0                    0
                  74               584000         6.0163583082671742E-04         1.0000000000000000E+03        -1.1641500000028527E+02                   0                    0                   92                    0                    0                    0                    0                    0                    0                    0                    0                    0                    0                  -46                    0                    0                    0                    0
                  75               592000         6.1790680156740966E-04         1.0000000000000000E+03        -1.1641500000028527E+02                   0                    0                   92                    0                    0                    0                    0                    0                    0                    0                    0                    0                    0                  -46                    0                    0                    0                    0
                  76               600000         6.3421343914933442E-04         1.0000000000000000E+03        -1.1644800000028526E+02                   0                    0                   92                    0                    0                    0                    0                    0                    0                    0                    0                    0                    0                  -46                    0                    0                    0                    0
                  77               608000         6.5054722646543919E-04         1.0000000000000000E+03        -1.1644800000028526E+02                   0                    0                   92                    0                    0                    0                    0                    0                    0                    0                    0                    0                    0                  -46                    0                    0                    0                    0
                  78               616000         6.6676712341545621E-04         1.0000000000000000E+03        -1.1641500000028527E+02                   0                    0                   92                    0                    0                    0                    0                    0                    0                    0                    0                    0                    0                  -46                    0                    0                    0                    0
                  79               624000         6.8325008369337715E-04         1.0000000000000000E+03        -1.1644800000028526E+02                   0                    0                   92                    0                    0                    0                    0                    0                    0                    0                    0                    0                    0                  -46                    0                    0                    0                    0
                  80               632000         6.9933676206946098E-04         1.0000000000000000E+03        -1.1641500000028527E+02                   0                    0                   92                    0                    0                    0                    0                    0                    0                    0                    0                    0                    0                  -46                    0                    0                    0                    0
                  81               640000         7.1568267492654264E-04         1.0000000000000000E+03        -1.1641500000028527E+02                   0                    0                   92                    0                    0                    0                    0                    0                    0                    0                    0                    0                    0                  -46                    0                    0                    0                    0
                  82               648000         7.3231235938386722E-04         1.0000000000000000E+03        -1.1641500000028527E+02                   0                    0                   92                    0                    0                    0                    0                    0                    0                    0                    0                    0                    0                  -46                    0                    0                    0                    0
                  83               656000         7.4866693033059668E-04         1.0000000000000000E+03        -1.1644800000028526E+02                   0                    0                   92                    0                    0                    0                    0                    0                    0                    0                    0                    0                    0                  -46                    0                    0                    0                    0
                  84               664000         7.6496682184357080E-04         1.0000000000000000E+03        -1.1641500000028527E+02                   0                    0                   92                    0                    0                    0                    0                    0                    0                    0                    0                    0                    0                  -46                    0                    0                    0                    0
                  85               672000         7.8157349155242315E-04         1.0000000000000000E+03        -1.1638200000028529E+02                   0                    0                   92                    0                    0                    0                    0                    0                    0                    0                    0                    0                    0                  -46                    0                    0                    0                    0
                  86               680000         7.9785765172383193E-04         1.0000000000000000E+03        -1.1641500000028527E+02                   0                    0                   92                    0                    0                    0                    0                    0                    0                    0                    0                    0                    0                  -46                    0                    0                    0                    0
                  87               688000         8.1442382042709810E-04         1.0000000000000000E+03        -1.1644800000028526E+02                   0                    0                   92                    0                    0                    0                    0                    0                    0                    0                    0                    0                    0                  -46                    0                    0                    0                    0
                  88               696000         8.3073553994338393E-04         1.0000000000000000E+03        -1.1641500000028527E+02                   0                    0                   92                    0                    0                    0                    0                    0                    0                    0                    0                    0                    0                  -46                    0                    0                    0                    0
                  89               704000         8.5192984907666702E-04         1.0000000000000000E+03        -1.1883600000028535E+02                   0                    0                   94                    0                    0                    0                    0                    0                    0                    0                    0                    0                    0                  -47                    0                    0                    0                    0
                  90               712000         8.7278648496842204E-04         1.0000000000000000E+03        -1.1883600000028535E+02                   0                    0                   94                    0                    0                    0                    0                    0                    0                    0                    0                    0                    0                  -47                    0                    0                    0                    0
                  91               720000         8.9424051557230200E-04         1.0000000000000000E+03        -1.1877000000028538E+02                   0                    0                   94                    0                    0                    0                    0                    0                    0                    0                    0                    0                    0                  -47                    0                    0                    0                    0
                  92               728000         9.2490257977738606E-04         1.0000000000000000E+03        -1.2122400000028544E+02                   0                    0                   96                    0                    0                    0                    0                    0                    0                    0                    0                    0                    0                  -48                    0                    0                    0                    0
                  93               736000         9.5738723084118013E-04         1.0000000000000000E+03        -1.2122400000028544E+02                   0                    0                   96                    0                    0                    0                    0                    0                    0                    0                    0                    0                    0                  -48                    0                    0                    0                    0
                  94               744000         9.8876205891036272E-04         1.0000000000000000E+03        -1.2122400000028544E+02                   0                    0                   96                    0                    0                    0                    0                    0                    0                    0                    0                    0                    0                  -48                    0                    0                    0                    0
                  95               752000         1.0205334858176930E-03         1.0000000000000000E+03        -1.2122400000028544E+02                   0                    0                   96                    0                    0                    0                    0                    0                    0                    0                    0                    0                    0                  -48                    0                    0                    0                    0
                  96               760000         1.0530693891199776E-03         1.0000000000000000E+03        -1.2122400000028544E+02                   0                    0                   96                    0                    0                    0                    0                    0                    0                    0                    0                    0                    0                  -48                    0                    0                    0                    0
                  97               768000         1.0850902721437716E-03         1.0000000000000000E+03        -1.2122400000028544E+02                   0                    0                   96                    0                    0                    0                    0                    0                    0                    0                    0                    0                    0                  -48                    0                    0                    0                    0
                  98               776000         1.1166176933216630E-03         1.0000000000000000E+03        -1.2122400000028544E+02                   0                    0                   96                    0                    0                    0                    0                    0                    0                    0                    0                    0                    0                  -48                    0                    0                    0                    0
                  99               784000         1.1486314478433568E-03         1.0000000000000000E+03        -1.2119100000028546E+02                   0                    0                   96                    0                    0                    0                    0                    0                    0                    0                    0                    0                    0                  -48                    0                    0                    0                    0
                 100               792000         1.1807514731827138E-03         1.0000000000000000E+03        -1.2122400000028544E+02                   0                    0                   96                    0                    0                    0                    0                    0                    0                    0                    0                    0                    0                  -48                    0                    0                    0                    0
                 101               800000         1.2125523005798234E-03         1.0000000000000000E+03        -1.2122400000028544E+02                   0                    0                   96                    0                    0                    0                    0                    0                    0                    0                    0                    0                    0                  -48                    0                    0                    0                    0
                 102               808000         1.2444079874095386E-03         1.0000000000000000E+03        -1.2122400000028544E+02                   0                    0                   96                    0                    0                    0                    0                    0                    0                    0                    0                    0                    0                  -48                    0                    0                    0                    0
                 103               816000         1.2760381159313541E-03         1.0000000000000000E+03        -1.2119100000028546E+02                   0                    0                   96                    0                    0                    0                    0                    0                    0                    0                    0                    0                    0                  -48                    0                    0                    0                    0
                 104               824000         1.3079785153197899E-03         1.0000000000000000E+03        -1.2122400000028544E+02                   0                    0                   96                    0                    0                    0                    0                    0                    0                    0                    0                    0                    0                  -48                    0                    0                    0                    0
                 105               832000         1.3397487437518229E-03         1.0000000000000000E+03        -1.2122400000028544E+02                   0                    0                   96                    0                    0                    0                    0                    0                    0                    0                    0                    0                    0                  -48                    0                    0                    0                    0
                 106               840000         1.3712661557014429E-03         1.0000000000000000E+03        -1.2122400000028544E+02                   0                    0                   96                    0                    0                    0                    0                    0                    0                    0                    0                    0                    0                  -48                    0                    0                    0                    0
                 107               848000         1.4026242009233835E-03         1.0000000000000000E+03        -1.2122400000028544E+02                   0                    0                   96                    0                    0                    0                    0                    0                    0                    0                    0                    0                    0                  -48                    0                    0                    0                    0
                 108               856000         1.4341273953256447E-03         1.0000000000000000E+03        -1.2122400000028544E+02                   0                    0                   96                    0                    0                    0                    0                    0                    0                    0                    0                    0                    0                  -48                    0                    0                    0                    0
                 109               864000         1.4655807229098303E-03         1.0000000000000000E+03        -1.2122400000028544E+02                   0                    0                   96                    0                    0                    0                    0                    0                    0                    0                    0                    0                    0                  -48                    0                    0                    0                    0
                 110               872000         1.4971831808258875E-03         1.0000000000000000E+03        -1.2122400000028544E+02                   0                    0                   96                    0                    0                    0                    0                    0                    0                    0                    0                    0                    0                  -48                    0                    0                    0                    0
                 111               880000         1.5282535137900041E-03         1.0000000000000000E+03        -1.2122400000028544E+02                   0                    0                   96                    0                    0                    0                    0                    0                    0                    0                    0                    0                    0                  -48                    0                    0                    0                    0
                 112               888000         1.5606643929377407E-03         1.0000000000000000E+03        -1.2122400000028544E+02                   0                    0                   96                    0                    0                    0                    0                    0                    0                    0                    0                    0                    0                  -48                    0                    0                    0                    0
                 113               896000         1.5929197200329336E-03         1.0000000000000000E+03        -1.2122400000028544E+02                   0                    0                   96                    0                    0                    0                    0                    0                    0                    0                    0                    0                    0                  -48                    0                    0                    0                    0
                 114               904000         1.6239766255785116E-03         1.0000000000000000E+03        -1.2122400000028544E+02                   0                    0                   96                    0                    0                    0                    0                    0                    0                    0                    0                    0                    0                  -48                    0                    0                    0                    0
                 115               912000         1.6559930371627442E-03         1.0000000000000000E+03        -1.2122400000028544E+02                   0                    0                   96                    0                    0                    0                    0                    0                    0                    0                    0                    0                    0                  -48                    0                    0                    0                    0
                 116               920000         1.6872301501069992E-03         1.0000000000000000E+03        -1.2122400000028544E+02                   0                    0                   96                    0                    0                    0                    0                    0                    0                    0                    0                    0                    0                  -48                    0                    0                    0                    0
                 117               928000         1.7189468570911845E-03         1.0000000000000000E+03        -1.2122400000028544E+02                   0                    0                   96                    0                    0                    0                    0                    0                    0                    0                    0                    0                    0                  -48                    0                    0                    0                    0
                 118               936000         1.7508004101993964E-03         1.0000000000000000E+03        -1.2122400000028544E+02                   0                    0                   96                    0                    0                    0                    0                    0                    0                    0                    0                    0                    0                  -48                    0                    0                    0                    0
                 119               944000         1.7829272558601418E-03         1.0000000000000000E+03        -1.2122400000028544E+02                   0                    0                   96                    0                    0                    0                    0                    0                    0                    0                    0                    0                    0                  -48                    0                    0                    0                    0
                 120               952000         1.8143759159024472E-03         1.0000000000000000E+03        -1.2122400000028544E+02                   0                    0                   96                    0                    0                    0                    0                    0                    0                    0                    0                    0                    0                  -48                    0                    0                    0                    0
                 121               960000         1.8462223378493520E-03         1.0000000000000000E+03        -1.2122400000028544E+02                   0                    0                   96                    0                    0                    0                    0                    0                    0                    0                    0                    0                    0                  -48                    0                    0                    0                    0
                 122               968000         1.8774591733544455E-03         1.0000000000000000E+03        -1.2122400000028544E+02                   0                    0                   96                    0                    0                    0                    0                    0                    0                    0                    0                    0                    0                  -48                    0                    0                    0                    0
                 123               976000         1.9091310406063400E-03         1.0000000000000000E+03        -1.2122400000028544E+02                   0                    0                   96                    0                    0                    0                    0                    0                    0                    0                    0                    0                    0                  -48                    0                    0                    0                    0
                 124               984000         1.9407726489691958E-03         1.0000000000000000E+03        -1.2119100000028546E+02                   0                    0                   96                    0                    0                    0                    0                    0                    0                    0                    0                    0                    0                  -48                    0                    0                    0                    0
                 125               992000         1.9730089896868260E-03         1.0000000000000000E+03        -1.2122400000028544E+02                   0                    0                   96                    0                    0                    0                    0                    0                    0                    0                    0                    0                    0                  -48                    0                    0                    0                    0
                 126              1000000         2.0082633317484119E-03         1.0000000000000000E+03        -1.2361200000028553E+02                   0                    0                   98                    0                    0                    0                    0                    0                    0                    0                    0                    0                    0                  -49                    0                    0                    0                    0
                 127              1008000         2.0712854488209773E-03         1.0000000000000000E+03        -1.2361200000028553E+02                   0                    0                   98                    0                    0                    0                    0                    0                    0                    0                    0                    0                    0                  -49                    0                    0                    0                    0
                 128              1016000         2.1336553424302932E-03         1.0000000000000000E+03        -1.2361200000028553E+02                   0                    0                   98                    0                    0                    0                    0                    0                    0                    0                    0                    0                    0                  -49                    0                    0                    0                    0
                 129              1024000         2.1967312278005319E-03         1.0000000000000000E+03        -1.2361200000028553E+02                   0                    0                   98                    0                    0                    0                    0                    0                    0                    0                    0                    0                    0                  -49                    0                    0                    0                    0
                 130              1032000         2.2592402597797013E-03         1.0000000000000000E+03        -1.2361200000028553E+02                   0                    0                   98                    0                    0                    0                    0                    0                    0                    0                    0                    0                    0                  -49                    0                    0                    0                    0
                 131              1040000         2.3218840623225878E-03         1.0000000000000000E+03        -1.2361200000028553E+02                   0                    0                   98                    0                    0                    0                    0                    0                    0                    0                    0                    0                    0                  -49                    0                    0                    0                    0
                 132              1048000         2.3832879358859044E-03         1.0000000000000000E+03        -1.2361200000028553E+02                   0                    0                   98                    0                    0                    0                    0                    0                    0                    0                    0                    0                    0                  -49                    0                    0                    0                    0
                 133              1056000         2.4455039444419113E-03         1.0000000000000000E+03        -1.2361200000028553E+02                   0                    0                   98                    0                    0                    0                    0                    0                    0                    0                    0                    0                    0                  -49                    0                    0                    0                    0
                 134              1064000         2.5070738023186020E-03         1.0000000000000000E+03        -1.2361200000028553E+02                   0                    0                   98                    0                    0                    0                    0                    0                    0                    0                    0                    0                    0                  -49                    0                    0                    0                    0
                 135              1072000         2.5695323597328414E-03         1.0000000000000000E+03        -1.2361200000028553E+02                   0                    0                   98                    0                    0                    0                    0                    0                    0                    0                    0                    0                    0                  -49                    0                    0                    0                    0
                 136              1080000         2.6309184059537089E-03         1.0000000000000000E+03        -1.2361200000028553E+02                   0                    0                   98                    0                    0                    0                    0                    0                    0                    0                    0                    0                    0                  -49                    0                    0                    0                    0
                 137              1088000         2.6941927576990335E-03         1.0000000000000000E+03        -1.2361200000028553E+02                   0                    0                   98                    0                    0                    0                    0                    0                    0                    0                    0                    0                    0                  -49                    0                    0                    0                    0
                 138              1096000         2.7561672777293091E-03         1.0000000000000000E+03        -1.2361200000028553E+02                   0                    0                   98                    0                    0                    0                    0                    0                    0                    0                    0                    0                    0                  -49                    0                    0                    0                    0
                 139              1104000         2.8200116768173035E-03         1.0000000000000000E+03        -1.2361200000028553E+02                   0                    0                   98                    0                    0                    0                    0                    0                    0                    0                    0                    0                    0                  -49                    0                    0                    0                    0
                 140              1112000         2.8819480587192769E-03         1.0000000000000000E+03        -1.2361200000028553E+02                   0                    0                   98                    0                    0                    0                    0                    0                    0                    0                    0                    0                    0                  -49                    0                    0                    0                    0
                 141              1120000         2.9435324413299630E-03         1.0000000000000000E+03        -1.2361200000028553E+02                   0                    0                   98                    0                    0                    0                    0                    0                    0                    0                    0                    0                    0                  -49                    0                    0                    0                    0
                 142              1128000         3.0063024417630864E-03         1.0000000000000000E+03        -1.2361200000028553E+02                   0                    0                   98                    0                    0                    0                    0                    0                    0                    0                    0                    0                    0                  -49                    0                    0                    0                    0
                 143              1136000         3.0684332528255068E-03         1.0000000000000000E+03        -1.2361200000028553E+02                   0                    0                   98                    0                    0                    0                    0                    0                    0                    0                    0                    0                    0                  -49                    0                    0                    0                    0
                 144              1144000         3.1307143811573476E-03         1.0000000000000000E+03        -1.2361200000028553E+02                   0                    0                   98                    0                    0                    0                    0                    0                    0                    0                    0                    0                    0                  -49                    0                    0                    0                    0
                 145              1152000         3.1938078839434374E-03         1.0000000000000000E+03        -1.2361200000028553E+02                   0                    0                   98                    0                    0                    0                    0                    0                    0                    0                    0                    0                    0                  -49                    0                    0                    0                    0
                 146              1160000         3.2562990127565175E-03         1.0000000000000000E+03        -1.2361200000028553E+02                   0                    0                   98                    0                    0                    0                    0                    0                    0                    0                    0                    0                    0                  -49                    0                    0                    0                    0
                 147              1168000         3.3181607086392208E-03         1.0000000000000000E+03        -1.2361200000028553E+02                   0                    0                   98                    0                    0                    0                    0                    0                    0                    0                    0                    0                    0                  -49                    0                    0                    0                    0
                 148              1176000         3.3812925843378461E-03         1.0000000000000000E+03        -1.2361200000028553E+02                   0                    0                   98                    0                    0                    0                    0                    0                    0                    0                    0                    0                    0                  -49                    0                    0                    0                    0
                 149              1184000         3.4441683549584269E-03         1.0000000000000000E+03        -1.2361200000028553E+02                   0                    0                   98                    0                    0                    0                    0                    0                    0                    0                    0                    0                    0                  -49                    0                    0                    0                    0
                 150              1192000         3.5069084998474078E-03         1.0000000000000000E+03        -1.2361200000028553E+02                   0                    0                   98                    0                    0                    0                    0                    0                    0                    0                    0                    0                    0                  -49                    0                    0                    0                    0
                 151              1200000         3.5681366687025768E-03         1.0000000000000000E+03        -1.2361200000028553E+02                   0                    0                   98                    0                    0                    0                    0                    0                    0                    0                    0                    0                    0                  -49                    0                    0                    0                    0
                 152              1208000         3.6304411613986547E-03         1.0000000000000000E+03        -1.2361200000028553E+02                   0                    0                   98                    0                    0                    0                    0                    0                    0                    0                    0                    0                    0                  -49                    0                    0                    0                    0
                 153              1216000         3.6926126199398686E-03         1.0000000000000000E+03        -1.2361200000028553E+02                   0                    0                   98                    0                    0                    0                    0                    0                    0                    0                    0                    0                    0                  -49                    0                    0                    0                    0
                 154              1224000         3.7554949444129110E-03         1.0000000000000000E+03        -1.2361200000028553E+02                   0                    0                   98                    0                    0                    0                    0                    0                    0                    0                    0                    0                    0                  -49                    0                    0                    0                    0
                 155              1232000         3.8165452975137118E-03         1.0000000000000000E+03        -1.2361200000028553E+02                   0                    0                   98                    0                    0                    0                    0                    0                    0                    0                    0                    0                    0                  -49                    0                    0                    0                    0
                 156              1240000         3.8786777599303548E-03         1.0000000000000000E+03        -1.2361200000028553E+02                   0                    0                   98                    0                    0                    0                    0                    0                    0                    0                    0                    0                    0                  -49                    0                    0                    0                    0
                 157              1248000         3.9419867112041847E-03         1.0000000000000000E+03        -1.2361200000028553E+02                   0                    0                   98                    0                    0                    0                    0                    0                    0                    0                    0                    0                    0                  -49                    0                    0                    0                    0
                 158              1256000         4.0051959397376605E-03         1.0000000000000000E+03        -1.2361200000028553E+02                   0                    0                   98                    0                    0                    0                    0                    0                    0                    0                    0                    0                    0                  -49                    0                    0                    0                    0
                 159              1264000         4.0673080938389491E-03         1.0000000000000000E+03        -1.2361200000028553E+02                   0                    0                   98                    0                    0                    0                    0                    0                    0                    0                    0                    0                    0                  -49                    0                    0                    0                    0
                 160              1272000         4.1292995161955944E-03         1.0000000000000000E+03        -1.2361200000028553E+02                   0                    0                   98                    0                    0                    0                    0                    0                    0                    0                    0                    0                    0                  -49                    0                    0                    0                    0
                 161              1280000         4.1928123719870997E-03         1.0000000000000000E+03        -1.2361200000028553E+02                   0                    0                   98                    0                    0                    0                    0                    0                    0                    0                    0                    0                    0                  -49                    0                    0                    0                    0
                 162              1288000         4.2558140697887678E-03         1.0000000000000000E+03        -1.2361200000028553E+02                   0                    0                   98                    0                    0                    0                    0                    0                    0                    0                    0                    0                    0                  -49                    0                    0                    0                    0
                 163              1296000         4.3182290449810005E-03         1.0000000000000000E+03        -1.2361200000028553E+02                   0                    0                   98                    0                    0                    0                    0                    0                    0                    0                    0                    0                    0                  -49                    0                    0                    0                    0
                 164              1304000         4.3808789547733519E-03         1.0000000000000000E+03        -1.2361200000028553E+02                   0                    0                   98                    0                    0                    0                    0                    0                    0                    0                    0                    0                    0                  -49                    0                    0                    0                    0
                 165              1312000         4.4425956043214901E-03         1.0000000000000000E+03        -1.2361200000028553E+02                   0                    0                   98                    0                    0                    0                    0                    0                    0                    0                    0                    0                    0                  -49                    0                    0                    0                    0
                 166              1320000         4.5037820253931698E-03         1.0000000000000000E+03        -1.2361200000028553E+02                   0                    0                   98                    0                    0                    0                    0                    0                    0                    0                    0                    0                    0                  -49                    0                    0                    0                    0
                 167              1328000         4.5660896255040641E-03         1.0000000000000000E+03        -1.2361200000028553E+02                   0                    0                   98                    0                    0                    0                    0                    0                    0                    0                    0                    0                    0                  -49                    0                    0                    0                    0
                 168              1336000         4.6282484735408469E-03         1.0000000000000000E+03        -1.2361200000028553E+02                   0                    0                   98                    0                    0                    0                    0                    0                    0                    0                    0                    0                    0                  -49                    0                    0                    0                    0
                 169              1344000         4.6904208895831136E-03         1.0000000000000000E+03        -1.2361200000028553E+02                   0                    0                   98                    0                    0                    0                    0                    0                    0                    0                    0                    0                    0                  -49                    0                    0                    0                    0
                 170              1352000         4.7529153067353601E-03         1.0000000000000000E+03        -1.2361200000028553E+02                   0                    0                   98                    0                    0                    0                    0                    0                    0                    0                    0                    0                    0                  -49                    0                    0                    0                    0
                 171              1360000         4.8155065522671684E-03         1.0000000000000000E+03        -1.2361200000028553E+02                   0                    0                   98                    0                    0                    0                    0                    0                    0                    0                    0                    0                    0                  -49                    0                    0                    0                    0
                 172              1368000         4.8773677282788509E-03         1.0000000000000000E+03        -1.2361200000028553E+02                   0                    0                   98                    0                    0                    0                    0                    0                    0                    0                    0                    0                    0                  -49                    0                    0                    0                    0
                 173              1376000         4.9396042400024973E-03         1.0000000000000000E+03        -1.2361200000028553E+02                   0                    0                   98                    0                    0                    0                    0                    0                    0                    0                    0                    0                    0                  -49                    0                    0                    0                    0
                 174              1384000         5.0017751339469481E-03         1.0000000000000000E+03        -1.2361200000028553E+02                   0                    0                   98                    0                    0                    0                    0                    0                    0                    0                    0                    0                    0                  -49                    0                    0                    0                    0
                 175              1392000         5.0647435212931909E-03         1.0000000000000000E+03        -1.2361200000028553E+02                   0                    0                   98                    0                    0                    0                    0                    0                    0                    0                    0                    0                    0                  -49                    0                    0                    0                    0
                 176              1400000         5.1274444180786985E-03         1.0000000000000000E+03        -1.2361200000028553E+02                   0                    0                   98                    0                    0                    0                    0                    0                    0                    0                    0                    0                    0                  -49                    0                    0                    0                    0
                 177              1408000         5.1898281911859764E-03         1.0000000000000000E+03        -1.2361200000028553E+02                   0                    0                   98                    0                    0                    0                    0                    0                    0                    0                    0                    0                    0                  -49                    0                    0                    0                    0
