         0           6.9282032302755088E+00          0.0000000000000000E+00         0         0         0         0         0         0         0         0
         0           0.0000000000000000E+00          5.0000000000000000E+00         0         0         0         0         0         0         0         0
         1           0.0000000000000000E+00          0.0000000000000000E+00         1         6         2         3         9        10        40        32
         2           8.6602540378443860E-01          5.0000000000000000E-01         1         6         1         3         4        13        11        10
         3           0.0000000000000000E+00          1.0000000000000000E+00         1         6         4         5         1         2        32        34
         4           8.6602540378443860E-01          1.5000000000000000E+00         1         6         3         5         6        15        13         2
         5           0.0000000000000000E+00          2.0000000000000000E+00         1         6         6         7         3         4        34        36
         6           8.6602540378443860E-01          2.5000000000000000E+00         1         6         5         7         8        17        15         4
         7           0.0000000000000000E+00          3.0000000000000000E+00         1         6         8         9         5         6        36        38
         8           8.6602540378443860E-01          3.5000000000000000E+00         1         6         7         9        10        19        17         6
         9           0.0000000000000000E+00          4.0000000000000000E+00         1         6        10         1         7         8        38        40
        10           8.6602540378443860E-01          4.5000000000000000E+00         1         6         9         1         2        11        19         8
        11           1.7320508075688772E+00          0.0000000000000000E+00         1         6        12        13        19        20        10         2
        12           2.5980762113533160E+00          5.0000000000000000E-01         1         6        11        13        14        23        21        20
        13           1.7320508075688772E+00          1.0000000000000000E+00         1         6        14        15        11        12         2         4
        14           2.5980762113533160E+00          1.5000000000000000E+00         1         6        13        15        16        25        23        12
        15           1.7320508075688772E+00          2.0000000000000000E+00         1         6        16        17        13        14         4         6
        16           2.5980762113533160E+00          2.5000000000000000E+00         1         6        15        17        18        27        25        14
        17           1.7320508075688772E+00          3.0000000000000000E+00         1         6        18        19        15        16         6         8
        18           2.5980762113533160E+00          3.5000000000000000E+00         1         6        17        19        20        29        27        16
        19           1.7320508075688772E+00          4.0000000000000000E+00         1         6        20        11        17        18         8        10
        20           2.5980762113533160E+00          4.5000000000000000E+00         1         6        19        11        12        21        29        18
        21           3.4641016151377544E+00          0.0000000000000000E+00         1         6        22        23        29        30        20        12
        22           4.3301270189221928E+00          5.0000000000000000E-01         1         6        21        23        24        33        31        30
        23           3.4641016151377544E+00          1.0000000000000000E+00         1         6        24        25        21        22        12        14
        24           4.3301270189221928E+00          1.5000000000000000E+00         1         6        23        25        26        35        33        22
        25           3.4641016151377544E+00          2.0000000000000000E+00         1         6        26        27        23        24        14        16
        26           4.3301270189221928E+00          2.5000000000000000E+00         1         6        25        27        28        37        35        24
        27           3.4641016151377544E+00          3.0000000000000000E+00         1         6        28        29        25        26        16        18
        28           4.3301270189221928E+00          3.5000000000000000E+00         1         6        27        29        30        39        37        26
        29           3.4641016151377544E+00          4.0000000000000000E+00         1         6        30        21        27        28        18        20
        30           4.3301270189221928E+00          4.5000000000000000E+00         1         6        29        21        22        31        39        28
        31           5.1961524227066320E+00          0.0000000000000000E+00         1         6        32        33        39        40        30        22
        32           6.0621778264910704E+00          5.0000000000000000E-01         1         6        31        33        34         3         1        40
        33           5.1961524227066320E+00          1.0000000000000000E+00         1         6        34        35        31        32        22        24
        34           6.0621778264910704E+00          1.5000000000000000E+00         1         6        33        35        36         5         3        32
        35           5.1961524227066320E+00          2.0000000000000000E+00         1         6        36        37        33        34        24        26
        36           6.0621778264910704E+00          2.5000000000000000E+00         1         6        35        37        38         7         5        34
        37           5.1961524227066320E+00          3.0000000000000000E+00         1         6        38        39        35        36        26        28
        38           6.0621778264910704E+00          3.5000000000000000E+00         1         6        37        39        40         9         7        36
        39           5.1961524227066320E+00          4.0000000000000000E+00         1         6        40        31        37        38        28        30
        40           6.0621778264910704E+00          4.5000000000000000E+00         1         6        39        31        32         1         9        38
