               Entry              Nevents                           Time                    Temperature                         Energy                CH3*                   H*                   O*                  CO*                 CO2*                 H2O*                 CH2*                  CH*                   C*                 CHO*                  OH*                COOH*                  CH4                   O2                   CO                   H2                  CO2                  H2O
                   1                    0         0.0000000000000000E+00         1.0000000000000000E+03         0.0000000000000000E+00                   0                    0                    0                    0                    0                    0                    0                    0                    0                    0                    0                    0                    0                    0                    0                    0                    0                    0
                   2                 8000         6.3205144732028942E-06         1.0000000000000000E+03        -6.4716000000011235E+01                   0                    0                   50                    0                    0                    0                    0                    0                    0                    0                    0                    0                    0                  -25                    0                    0                    0                    0
                   3                16000         1.1306657033271400E-05         1.0000000000000000E+03        -8.4678000000025605E+01                   0                    0                   66                    0                    0                    0                    0                    0                    0                    0                    0                    0                    0                  -33                    0                    0                    0                    0
                   4                24000         1.6623314101204556E-05         1.0000000000000000E+03        -8.7297000000025605E+01                   0                    0                   68                    0                    0                    0                    0                    0                    0                    0                    0                    0                    0                  -34                    0                    0                    0                    0
                   5                32000         2.2629317062661824E-05         1.0000000000000000E+03        -9.9600000000025915E+01                   0                    0                   78                    0                    0                    0                    0                    0                    0                    0                    0                    0                    0                  -39                    0                    0                    0                    0
                   6                40000         2.9673463609496223E-05         1.0000000000000000E+03        -1.0195500000002602E+02                   0                    0                   80                    0                    0                    0                    0                    0                    0                    0                    0                    0                    0                  -40                    0                    0                    0                    0
                   7                48000         3.7203417106423635E-05         1.0000000000000000E+03        -1.0427700000002613E+02                   0                    0                   82                    0                    0                    0                    0                    0                    0                    0                    0                    0                    0                  -41                    0                    0                    0                    0
                   8                56000         4.5946825242042226E-05         1.0000000000000000E+03        -1.0918500000002626E+02                   0                    0                   86                    0                    0                    0                    0                    0                    0                    0                    0                    0                    0                  -43                    0                    0                    0                    0
                   9                64000         5.6977884950722423E-05         1.0000000000000000E+03        -1.1154000000002637E+02                   0                    0                   88                    0                    0                    0                    0                    0                    0                    0                    0                    0                    0                  -44                    0                    0                    0                    0
                  10                72000         6.9402563366918448E-05         1.0000000000000000E+03        -1.1406000000002641E+02                   0                    0                   90                    0                    0                    0                    0                    0                    0                    0                    0                    0                    0                  -45                    0                    0                    0                    0
                  11                80000         8.3630449962699300E-05         1.0000000000000000E+03        -1.1644800000002650E+02                   0                    0                   92                    0                    0                    0                    0                    0                    0                    0                    0                    0                    0                  -46                    0                    0                    0                    0
                  12                88000         1.0032607098608789E-04         1.0000000000000000E+03        -1.1644800000002650E+02                   0                    0                   92                    0                    0                    0                    0                    0                    0                    0                    0                    0                    0                  -46                    0                    0                    0                    0
                  13                96000         1.1691864624213256E-04         1.0000000000000000E+03        -1.1641500000002651E+02                   0                    0                   92                    0                    0                    0                    0                    0                    0                    0                    0                    0                    0                  -46                    0                    0                    0                    0
                  14               104000         1.3728214250840481E-04         1.0000000000000000E+03        -1.1880300000002660E+02                   0                    0                   94                    0                    0                    0                    0                    0                    0                    0                    0                    0                    0                  -47                    0                    0                    0                    0
                  15               112000         1.5865483460422049E-04         1.0000000000000000E+03        -1.1877000000002661E+02                   0                    0                   94                    0                    0                    0                    0                    0                    0                    0                    0                    0                    0                  -47                    0                    0                    0                    0
                  16               120000         1.9036764813677010E-04         1.0000000000000000E+03        -1.2122400000002668E+02                   0                    0                   96                    0                    0                    0                    0                    0                    0                    0                    0                    0                    0                  -48                    0                    0                    0                    0
                  17               128000         2.4517220184161568E-04         1.0000000000000000E+03        -1.2361200000002677E+02                   0                    0                   98                    0                    0                    0                    0                    0                    0                    0                    0                    0                    0                  -49                    0                    0                    0                    0
                  18               136000         3.0666366178473171E-04         1.0000000000000000E+03        -1.2361200000002677E+02                   0                    0                   98                    0                    0                    0                    0                    0                    0                    0                    0                    0                    0                  -49                    0                    0                    0                    0
                  19               144000         3.6852989740195687E-04         1.0000000000000000E+03        -1.2361200000002677E+02                   0                    0                   98                    0                    0                    0                    0                    0                    0                    0                    0                    0                    0                  -49                    0                    0                    0                    0
                  20               152000         4.3006794651058666E-04         1.0000000000000000E+03        -1.2361200000002677E+02                   0                    0                   98                    0                    0                    0                    0                    0                    0                    0                    0                    0                    0                  -49                    0                    0                    0                    0
                  21               160000         4.9307056203046391E-04         1.0000000000000000E+03        -1.2361200000002677E+02                   0                    0                   98                    0                    0                    0                    0                    0                    0                    0                    0                    0                    0                  -49                    0                    0                    0                    0
                  22               168000         5.5665225199542185E-04         1.0000000000000000E+03        -1.2361200000002677E+02                   0                    0                   98                    0                    0                    0                    0                    0                    0                    0                    0                    0                    0                  -49                    0                    0                    0                    0
                  23               176000         6.1968377703662135E-04         1.0000000000000000E+03        -1.2361200000002677E+02                   0                    0                   98                    0                    0                    0                    0                    0                    0                    0                    0                    0                    0                  -49                    0                    0                    0                    0
                  24               184000         6.8211133624078598E-04         1.0000000000000000E+03        -1.2361200000002677E+02                   0                    0                   98                    0                    0                    0                    0                    0                    0                    0                    0                    0                    0                  -49                    0                    0                    0                    0
                  25               192000         7.4426324081647158E-04         1.0000000000000000E+03        -1.2361200000002677E+02                   0                    0                   98                    0                    0                    0                    0                    0                    0                    0                    0                    0                    0                  -49                    0                    0                    0                    0
                  26               200000         8.0699162119651172E-04         1.0000000000000000E+03        -1.2361200000002677E+02                   0                    0                   98                    0                    0                    0                    0                    0                    0                    0                    0                    0                    0                  -49                    0                    0                    0                    0
                  27               208000         8.6967301375950347E-04         1.0000000000000000E+03        -1.2361200000002677E+02                   0                    0                   98                    0                    0                    0                    0                    0                    0                    0                    0                    0                    0                  -49                    0                    0                    0                    0
                  28               216000         9.3225589794577665E-04         1.0000000000000000E+03        -1.2361200000002677E+02                   0                    0                   98                    0                    0                    0                    0                    0                    0                    0                    0                    0                    0                  -49                    0                    0                    0                    0
                  29               224000         9.9482740228578714E-04         1.0000000000000000E+03        -1.2361200000002677E+02                   0                    0                   98                    0                    0                    0                    0                    0                    0                    0                    0                    0                    0                  -49                    0                    0                    0                    0
                  30               232000         1.0571144670569771E-03         1.0000000000000000E+03        -1.2361200000002677E+02                   0                    0                   98                    0                    0                    0                    0                    0                    0                    0                    0                    0                    0                  -49                    0                    0                    0                    0
